2 
50
0 Xangai,China
1 LosAngeles,EstadosUnidos
2 Cingapura
3 Busan,CoreiadoSul
4 Klang,Malásia
5 Tóquio,Japão
6 Mumbai,Índia
7 JebelAli,EmiradosÁrabesUnidos
8 HoChiMinh,Vietnã
9 HongKong
10 Algeciras,Espanha
11 Roterdã,PaísesBaixos
12 Hamburgo,Alemanha
13 Antuérpia,Bélgica
14 Istambul,Turquia
15 Jacarta,Indonésia
16 Santos,Brasil
17 Gênova,Itália
18 LaemChabang,Tailândia
19 Jeddah,ArábiaSaudita
20 Londres,ReinoUnido
21 CanaldoPanamá,Panamá
22 Manila,Filipinas
23 Tanger-Med,Marrocos
24 Sydney,Austrália
25 Manzanillo,México
26 Alexandria,Egito
27 Colombo,SriLanka
28 Vancouver,Canadá
29 Pireu,Grécia
30 Marselha,França
31 Novorossiysk,Rússia
32 Salalah,Omã
33 Barranquilla,Colômbia
34 Valparaíso,Chile
35 Durban,ÁfricadoSul
36 Carachi,Paquistão
37 Lisboa,Portugal
38 Chittagong,Bangladesh
39 Auckland,NovaZelândia
40 Gdansk,Polônia
41 Ashdod,Israel
42 Valletta,Malta
43 Callao,Peru
44 Guayaquil,Equador
45 SantoDomingo,RepúblicaDominicana
46 Lomé,Togo
47 Kingston,Jamaica
48 Freeport,Bahamas
49 BuenosAires,Argentina
324
0 1 19270
1 0 19270
0 2 2691
2 0 2691
0 3 535
3 0 535
0 4 2886
4 0 2886
0 5 1210
5 0 1210
0 6 5293
6 0 5293
0 7 6627
7 0 6627
0 8 1997
8 0 1997
0 9 955
9 0 955
0 10 10346
10 0 10346
0 11 11999
11 0 11999
0 12 12277
12 0 12277
0 13 11908
13 0 11908
0 14 9272
14 0 9272
0 15 2909
15 0 2909
0 16 13256
16 0 13256
0 17 9911
17 0 9911
0 18 2805
18 0 2805
0 19 7341
19 0 7341
0 20 11884
20 0 11884
0 21 15846
21 0 15846
0 22 1225
22 0 1225
0 23 10376
23 0 10376
0 24 5215
24 0 5215
0 25 17778
25 0 17778
0 26 8365
26 0 8365
0 27 4350
27 0 4350
0 28 20590
28 0 20590
0 29 8949
29 0 8949
0 30 10048
30 0 10048
0 31 9854
31 0 9854
0 32 6270
32 0 6270
0 33 15412
33 0 15412
0 34 15939
34 0 15939
0 35 8418
35 0 8418
0 36 5881
36 0 5881
0 37 10702
37 0 10702
0 38 4522
38 0 4522
0 39 6252
39 0 6252
0 40 12993
40 0 12993
0 41 8279
41 0 8279
0 42 9249
42 0 9249
0 43 17292
43 0 17292
0 44 16698
44 0 16698
0 45 14711
45 0 14711
0 46 12234
46 0 12234
0 47 15101
47 0 15101
0 48 14624
48 0 14624
0 49 13014
49 0 13014
1 2 16614
2 1 16614
1 3 19786
3 1 19786
1 5 20351
5 1 20351
1 9 18410
9 1 18410
1 12 10522
12 1 10522
1 16 8714
16 1 8714
1 20 10130
20 1 10130
1 21 3427
21 1 3427
1 28 1319
28 1 1319
1 35 12414
35 1 12414
1 38 16332
38 1 16332
2 3 3208
3 2 3208
2 11 9343
11 2 9343
2 16 10904
16 2 10904
2 28 17909
28 2 17909
2 40 10336
40 2 10336
3 4 3402
4 3 3402
3 16 13790
16 3 13790
4 5 3967
5 4 3967
4 16 10673
16 4 10673
4 47 5412
47 4 5412
5 6 6374
6 5 6374
5 16 14376
16 5 14376
6 7 1335
7 6 1335
6 16 9554
16 6 9554
6 29 4124
29 6 4124
6 34 12237
34 6 12237
6 43 12459
43 6 12459
6 47 7432
47 6 7432
7 8 4709
8 7 4709
7 16 9410
16 7 9410
7 17 4941
17 7 4941
7 27 2276
27 7 2276
8 9 1065
9 8 1065
8 16 11367
16 8 11367
9 10 9486
10 9 9486
9 12 11416
12 9 11416
9 16 12423
16 9 12423
9 34 15075
34 9 15075
10 11 1652
11 10 1652
10 16 5426
16 10 5426
11 12 341
12 11 341
11 16 6749
16 11 6749
11 17 2620
17 11 2620
11 35 8157
35 11 8157
11 41 3930
41 11 3930
12 13 426
13 12 426
12 16 7027
16 12 7027
13 14 3669
14 13 3669
13 16 6658
16 13 6658
13 20 181
20 13 181
13 30 2339
30 13 2339
14 15 6937
15 14 6937
14 16 7533
16 14 7533
14 47 11297
47 14 11297
15 16 10371
16 15 10371
15 35 5533
35 15 5533
16 17 8854
17 16 8854
16 23 5396
23 16 5396
16 24 3603
24 16 3603
16 38 10807
38 16 10807
17 18 8064
18 17 8064
17 28 11209
28 17 11209
17 33 6032
33 17 6032
17 47 5723
47 17 5723
17 49 7472
49 17 7472
18 19 5494
19 18 5494
19 20 4543
20 19 4543
19 32 1372
32 19 1372
20 21 5408
21 20 5408
20 25 8622
25 20 8622
20 47 5963
47 20 5963
20 48 4825
48 20 4825
21 22 14740
22 21 14740
21 38 12892
38 21 12892
22 23 9288
23 22 9288
23 24 12000
24 23 12000
24 25 16917
25 24 16917
25 26 9517
26 25 9517
25 27 13434
27 25 13434
26 27 4039
27 26 4039
27 28 16259
28 27 16259
28 29 11864
29 28 11864
29 30 1347
30 29 1347
29 42 565
42 29 565
30 31 2392
31 30 2392
31 32 3888
32 31 3888
31 35 6839
35 31 6839
32 33 9423
33 32 9423
32 35 3573
35 32 3573
33 34 3316
34 33 3316
34 35 7521
35 34 7521
35 36 4600
36 35 4600
35 38 5968
38 35 5968
35 48 9264
48 35 9264
35 49 4596
49 35 4596
36 37 5760
37 36 5760
37 38 7767
38 37 7767
38 39 7304
39 38 7304
38 47 6666
47 38 6666
38 49 10524
49 38 10524
39 40 15663
40 39 15663
40 41 4827
41 40 4827
41 42 1175
42 41 1175
42 43 8080
43 42 8080
43 44 719
44 43 719
43 45 2603
45 43 2603
43 48 3057
48 43 3057
44 45 2009
45 44 2009
45 46 4848
46 45 4848
46 47 5287
47 46 5287
47 48 16649
48 47 16649
48 49 6696
49 48 6696